234.35
81.49
234.81
90.38
239.15
82.12
236.98
123.10
115.07
149.94
96.35
67.72
116.00
219.38
120.34
223.32
219.74
164.78
215.64
208.02
178.12
73.98
109.36
115.56
225.86
126.44
119.05
126.48
103.30
209.46
156.68
165.45
160.84
107.82
126.78
132.68
178.06
78.00
208.46
175.66
77.64
124.07
137.35
172.16
62.95
78.19
228.19
107.68
174.33
147.96
209.42
191.31
100.34
214.26
186.11
184.98
220.20
157.10
69.56
223.02
67.27
130.39
135.91
108.74
220.70
177.00
154.59
217.07
230.76
225.28
145.20
171.13
69.22
232.25
128.94
204.04
78.48
175.12
168.44
117.26
135.23
125.60
124.34
81.80
175.14
222.43
103.52
142.71
109.36
139.80
120.34
144.50
201.70
102.21
166.61
175.73
186.65
133.23
179.25
169.51
724.88
1509.43
837.67
1558.33
1098.93
661.92
1329.70
1321.14
773.20
1277.91
773.27
1571.86
1259.51
1381.56
1275.94
1492.36
667.11
764.26
1147.30
787.54
1505.12
1468.75
898.55
991.89
812.45
1525.43
645.19
771.49
662.85
606.13
1411.59
941.03
897.85
643.39
1271.57
575.98
1060.68
1214.68
1443.45
802.35
757.53
1003.33
1044.77
548.98
885.58
1231.81
1640.09
1511.65
699.23
1384.59
656.90
1483.03
1000.96
1349.05
1291.59
959.69
1033.42
1123.24
593.92
765.59
1192.63
488.01
1001.78
901.12
1410.70
1165.17
631.17
683.99
1486.79
324.99
549.05
775.58
824.48
1122.01
1229.70
1165.40
1443.65
736.16
572.08
839.36
1389.81
1187.64
988.06
1514.10
893.12
997.31
837.72
699.06
921.93
1350.81
1581.38
1144.35
858.14
575.21
501.77
1033.18
845.34
456.68
468.28
855.35
2094.56
1969.30
1430.09
1004.85
1637.98
1863.72
1119.07
851.94
839.85
1572.68
1582.66
1374.65
1553.28
1063.70
2235.17
1738.57
2118.95
1243.43
1454.54
1447.30
829.03
1315.38
2217.66
2264.55
1487.90
1333.84
1256.94
1983.02
1091.01
2337.21
629.20
1548.21
1084.97
2165.34
885.02
2246.33
969.16
1639.95
1629.30
1608.07
1112.62
1590.39
826.17
1571.41
2032.62
1615.17
1599.87
2493.15
1899.82
1649.72
1075.82
933.99
1583.67
2003.95
2127.67
1046.47
1547.19
811.70
1456.80
1178.46
2018.15
2087.09
1870.90
1024.94
2166.77
2147.92
1615.17
1064.74
1401.97
1930.96
1611.77
1862.59
1501.87
828.22
718.06
1060.55
1935.61
1233.46
1467.60
935.41
1847.83
1005.61
1334.69
2040.28
1730.73
1556.73
2267.92
1190.04
2377.15
904.99
1572.04
1747.22
1812.05
2080.21
1007.03
1730.15
1054.66
2511.39
1853.53
2201.24
1147.37
743.68
1263.32
703.33
1295.51
628.38
937.14
1310.78
1261.87
1369.83
978.63
1151.38
1038.42
1099.93
1116.44
634.61
878.86
690.42
1015.63
970.32
1255.98
603.49
742.35
1304.16
1372.57
1023.36
1042.74
1449.69
1058.24
883.51
416.02
468.13
603.34
1431.66
1198.54
667.90
730.60
411.79
811.04
891.14
474.62
567.62
1163.99
1161.99
674.81
976.22
1190.98
422.58
932.71
973.13
1415.69
930.37
625.16
968.20
663.58
627.38
1223.75
1277.10
598.88
596.90
697.34
1023.60
1501.66
1249.82
420.98
1474.35
1200.40
856.19
564.87
1042.87
880.38
1006.25
1281.36
1212.46
1209.53
967.07
1270.49
616.34
688.63
1134.46
678.24
827.77
1250.38
600.77
1087.78
778.05
1424.03
355.24
872.23
1188.85
663.98
823.82
745.78
1257.21
1497.34
958.42
1236.76
799.42
926.31
1454.17
1051.94
745.39
959.69
1126.04
855.14
655.29
1061.04
812.34
422.49
1240.59
658.79
1005.99
821.74
678.79
842.59
615.64
1164.39
401.14
1218.99
356.34
929.19
639.84
652.74
694.19
770.64
810.34
1161.39
835.59
373.09
1246.79
419.54
653.79
1107.89
939.19
689.99
1390.19
577.59
849.19
656.09
942.59
804.19
917.59
667.04
777.34
545.54
1058.79
397.39
956.44
1216.14
591.79
361.85
411.12
495.59
815.50
1065.10
701.57
848.53
605.33
624.64
834.90
839.10
779.23
849.99
812.12
1126.89
671.84
880.56
1024.43
1076.61
479.67
546.41
942.34
1048.76
998.69
770.56
812.02
994.18
1042.14
887.01
596.27
674.26
744.90
422.38
497.91
784.62
656.53
1106.31
857.69
583.25
1080.55
664.79
412.83
631.23
695.98
574.09
478.94
987.58
882.67
800.98
620.49
920.66
849.27
583.49
378.82
948.97
377.84
781.27
606.77
854.52
485.49
842.18
552.19
651.21
608.43
429.32
809.40
577.77
1103.32
843.15
635.01
953.72
715.91
1090.31
605.78
752.91
617.23
568.94
850.29
886.47
547.53
673.31
888.99
865.29
616.77
428.48
856.29
1024.75
485.52
1011.82
581.72
896.50
965.70
844.56
274.17
635.37
593.74
1064.07
1032.19
584.45
765.56
1368.88
1045.06
1174.63
1366.96
1112.18
483.14
725.18
805.46
1104.20
1280.53
852.77
1343.33
1008.21
694.21
1342.63
726.25
769.59
641.19
1020.52
1315.81
649.56
544.29
888.09
1447.08
1160.53
724.05
1431.56
716.67
1222.26
557.98
659.77
1033.51
651.72
610.25
839.40
1434.14
1301.72
1017.02
1003.18
1231.87
1518.85
987.25
1112.35
1521.49
753.14
1288.20
1348.99
1221.05
874.82
1221.35
1370.14
783.45
1554.00
1320.93
617.47
1314.16
862.71
520.12
824.02
1458.31
886.44
1135.09
1077.07
1499.78
1336.20
862.00
986.75
1257.20
1291.71
649.54
1462.27
440.07
1324.16
513.18
862.75
1223.27
1293.53
763.38
1427.92
945.94
872.81
736.11
753.82
1337.59
971.93
698.99
1481.45
1339.23
670.93
1491.83
466.17
1066.22
754.25
1072.78
1070.20
1058.93
641.23
1247.93
1424.49
805.85
1541.63
1601.86
1799.94
1531.88
1901.41
1959.35
1664.78
1958.16
1515.77
2005.92
1832.34
1801.42
1878.65
2058.45
2063.72
1859.78
1934.11
1674.62
1816.83
2009.54
1966.65
1821.06
1508.25
2026.55
1617.56
1903.42
1612.62
1616.62
1825.45
1690.49
2014.23
1656.50
1830.46
1957.67
1584.96
2109.82
1752.12
1880.18
2203.57
1792.85
1703.58
1852.15
1907.37
1666.74
1773.10
2042.64
1995.42
2114.10
1841.94
1690.21
1770.18
1907.30
1532.87
1841.40
1898.35
2120.20
1912.32
1545.22
1664.85
1492.18
1922.10
2036.46
2035.82
1900.38
2025.55
2102.29
1876.46
1834.43
2008.36
1752.82
1741.68
1620.64
1910.14
2054.17
2140.00
1632.24
1766.44
1637.83
1914.62
1669.86
1958.28
1482.38
1773.16
2178.22
1494.59
1540.76
1981.77
1547.89
1638.17
1581.10
1774.39
1740.47
1830.51
1846.11
1756.79
1827.66
1982.04
1490.50
1645.39
1946.57
2150.12
1870.45
743.54
2684.26
1516.17
539.77
1065.84
1121.20
619.79
1184.62
1903.24
1978.83
1782.91
2052.93
1737.58
1969.55
1890.62
2294.38
2696.26
1311.38
2124.74
1902.22
1872.24
2031.44
1503.78
1389.47
1839.04
831.31
2248.62
1218.38
2758.73
2145.45
1570.62
1173.41
1348.86
2126.81
627.77
2224.87
1632.81
356.93
2039.81
1552.73
1210.84
606.77
1581.01
1967.92
2716.33
525.58
2572.32
2194.25
2366.49
1281.22
1198.13
1826.20
2205.68
1110.09
1270.54
2095.62
1708.83
2876.26
1137.40
1047.41
741.79
168.03
1125.91
1420.96
1235.45
2411.04
2182.47
788.30
1304.20
1878.22
1274.38
391.16
1812.10
1753.70
1233.66
2011.11
769.60
1608.72
984.20
933.03
2236.69
1568.08
700.32
1429.08
1357.12
1745.66
770.10
2682.51
1822.11
883.14
1275.53
1410.13
1449.91
2329.22
2579.77
1495.01
980.01
1068.21
1522.64
2236.26
2417.49
2692.73
2500.18
2216.19
2419.82
1944.28
1808.10
2161.69
1088.50
1136.38
846.48
1369.34
1549.14
1240.05
1347.68
1681.05
1381.69
1802.36
642.13
1466.69
1600.92
1073.34
1303.15
1728.28
918.77
1436.71
1721.30
2036.84
473.24
1207.06
1823.46
1199.36
718.44
2240.13
1032.24
1367.71
2562.94
1306.29
847.58
1529.02
569.47
2040.54
939.76
2310.94
1956.91
965.34
882.25
1724.34
1915.88
1551.05
1617.66
1747.70
1334.26
506.93
1668.50
808.86
1018.72
1827.34
2643.70
647.88
739.90
2050.66
2104.69
1229.10
843.68
1702.98
1356.47
1706.34
1628.67
2894.22
935.55
1639.87
1608.29
1981.32
1902.79
2754.62
2485.47
2287.63
1068.89
2659.66
1861.98
2233.16
2440.16
1981.49
469.68
990.82
725.26
1310.53
2271.03
1594.16
1245.95
1300.66
773.57
1401.90
1887.66
2124.49
1426.85
1892.54
1499.30
1845.91
2642.71
1480.48
902.19
2224.78
2113.16
2342.18
2022.92
2267.02
1685.02
1508.04
2454.85
1758.40
2664.74
1853.06
2516.20
2213.30
1957.91
1127.06
1011.98
2108.31
1962.84
2018.69
1457.45
2410.88
889.91
638.40
1504.74
1417.38
1913.60
1162.10
1203.39
1893.08
2444.58
1587.23
1553.08
1979.41
2300.11
2080.34
1938.51
1799.36
2068.14
1337.18
2133.14
1588.51
1264.62
1736.22
2536.66
2464.78
621.63
772.59
2200.53
2483.86
1763.49
2573.86
1723.83
2846.97
1720.39
2424.06
985.34
2325.98
747.79
1802.55
2278.27
2100.79
1177.13
2031.30
949.75
2044.10
2051.53
794.30
1954.27
2456.34
632.38
1100.24
2383.54
2456.76
2089.80
1336.92
943.72
1080.02
919.26
1482.19
2173.14
861.58
1887.19
769.80
1054.29
1737.88
2112.34
950.55
2702.04
1037.61
1026.71
1524.17
537.83
1176.64
1107.94
1902.68
746.72
1210.26
905.54
2905.94
1642.44
1475.77
1594.55
2291.44
1002.34
2470.52
2592.19
1035.08
858.47
1918.27
2221.86
1125.55
1905.50
1758.55
2602.06
1684.31
2239.24
1739.25
788.41
1383.03
2048.29
1821.60
925.74
2173.69
1850.08
770.51
2374.33
1040.54
1498.38
1735.37
1234.18
729.74
1192.49
1916.02
2532.20
860.61
2470.71
1289.05
800.62
1392.29
1907.24
2134.63
327.35
851.60
2471.94
1692.49
978.22
813.19
2010.08
951.32
1285.35
2589.51
1673.60
1428.90
926.89
2473.97
1467.23
1803.70
2270.50
1389.96
2125.50
1559.51
1660.01
753.55
2605.00
1408.04
1487.16
1362.97
2759.30
824.45
2127.77
1299.08
2573.22
1759.62
1454.51
1733.20
1433.32
2426.94
1841.02
1073.38
970.25
2069.45
1075.73
1566.16
1984.50
1728.77
1396.69
1206.13
922.70
1046.21
1485.18
1110.21
1524.15
2497.25
2308.71
1391.61
1598.10
1465.19
290.18
2386.14
1866.76
1546.14
2154.06
1739.86
1963.77
756.90
668.26
1274.02
737.95
2431.13
2117.59
1792.46
459.48
1498.78
1720.68
1516.47
2140.36
2088.57
1190.63
2339.45
1011.66
1713.94
1620.37
1509.06
2507.27
2632.02
538.60
2462.37
665.13
1835.10
1605.39
1875.10
828.21
1469.88
1247.58
997.38
2596.27
825.46
1750.43
1672.79
2642.49
2365.18
2452.44
2188.51
1126.92
883.17
1555.70
1283.02
1930.21
1179.34
820.89
1400.94
1362.51
774.58
2495.96
1254.58
1854.02
618.64
1725.90
2275.43
2466.86
2630.43
444.94
818.10
2145.70
529.42
1145.47
1847.31
1355.00
2231.42
1677.30
2553.02
1676.66
1633.52
630.56
1631.30
1575.05
1240.55
1499.02
1371.18
1611.68
529.61
857.19
646.39
1952.97
2035.72
1051.43
1298.83
883.09
1047.61
1201.77
2485.52
1786.12
2336.59
2029.98
1397.40
2015.00
2244.24
1016.46
2122.71
842.27
1166.44
2281.27
1170.18
2331.43
1608.86
2245.30
478.76
1595.39
1017.48
2258.00
1504.89
2169.39
942.37
1472.30
829.87
1427.83
2005.53
813.45
1642.07
1662.04
2498.54
2074.98
879.15
1187.83
1977.77
768.18
2522.65
1531.10
831.43
1494.52
1689.02
1803.29
2096.67
381.12
1040.78
2026.85
2405.91
2088.06
2128.36
1433.54
1506.94
2296.98
2409.67
1871.55
1593.58
2006.72
1864.94
2299.91
1986.50
2337.50
2879.43
2875.37
1617.54
1727.52
1003.87
891.12
1426.71
1962.87
915.31
2475.86
1290.26
736.63
1512.20
1559.54
2149.79
1052.70
715.26
2134.99
936.57
608.82
1833.99
918.03
1392.55
1715.59
1836.42
2087.02
1106.83
1231.83
1193.82
1048.74
1978.92
2346.42
594.82
1589.18
1371.60
610.84
1287.66
921.16
1733.86
996.58
2637.04
1109.22
1444.97
1205.52
2245.62
977.00
1994.13
1875.00
1879.30
2827.72
1880.07
1619.02
1073.91
540.63
2018.65
1269.01
2036.11
1255.78
2440.89
1710.81
1884.16
1702.72
2224.71
1018.93
2035.51
2777.72
2647.98
1087.48
1433.95
1536.33
1723.75
2155.29
799.35
2475.65
1772.32
1932.41
1787.97
967.99
2119.24
1722.74
1699.58
2152.85
1845.08
2496.67
605.87
1700.26
2054.54
1477.81
1577.53
2379.29
1498.34
1359.80
2356.00
1383.53
2015.94
1481.76
1695.22
1578.84
1698.73
789.97
589.56
1537.18
1965.36
1172.82
338.42
1426.32
880.49
894.41
2070.63
921.30
2302.51
2270.50
2664.80
1343.93
2220.33
1406.65
961.42
1510.68
1715.86
1831.14
2187.09
2176.29
968.07
902.05
1480.77
1698.53
1145.24
1621.13
2303.84
2280.18
1851.55
1740.62
1491.74
2079.31
1975.20
1071.35
2297.83
1378.75
2452.50
652.38
1727.53
1385.80
2690.78
1235.02
935.51
2054.98
1939.61
1937.60
940.89
1243.18
2404.53
2314.83
2617.49
1459.51
448.26
2340.50
1107.74
1538.05
1035.68
1910.22
1625.81
1705.98
2006.12
1184.71
598.78
1430.61
1342.10
1544.02
2160.98
1096.35
1003.66
1595.38
1282.72
2088.12
2297.19
2528.82
1313.86
1438.05
866.15
1528.50
2051.80
1630.87
1932.38
2015.29
483.59
1430.39
897.96
801.09
1802.84
1492.93
2563.11
2131.58
1077.74
1768.48
617.47
1713.23
2369.59
1142.80
2000.86
1115.62
1650.08
564.46
608.25
1569.90
1045.60
2780.30
1158.47
2797.61
1626.88
1421.04
2247.83
1938.96
966.95
2794.50
1697.58
581.97
1690.37
631.44
1033.09
853.40
1651.70
1492.09
1995.22
1453.86
713.51
886.67
681.76
1312.37
803.55
2427.44
1020.79
2305.56
2380.41
190.80
2100.95
1359.36
694.01
1043.30
1947.06
996.25
2075.45
2788.84
1535.02
878.78
390.36
1444.49
1219.74
1248.70
1515.66
2029.10
2456.54
287.96
390.18
2376.90
1650.06
477.92
877.82
1062.41
1707.80
1437.26
1795.43
2281.56
396.34
2163.55
696.89
1456.67
1633.65
2037.86
1699.75
2413.86
2043.94
1892.12
2116.78
2032.64
2373.63
900.53
1346.01
1312.49
923.45
2429.41
2436.50
1657.12
1605.04
1333.81
2579.75
1931.30
947.17
1280.50
1033.47
934.44
2005.00
2104.81
1395.89
1409.91
2454.25
2498.29
2764.03
429.57
887.46
1078.14
2451.75
1533.30
730.62
1879.58
928.82
2047.49
2610.67
1748.57
2064.38
1411.79
1091.24
2689.61
2044.22
516.64
1196.34
940.73
1809.91
1430.30
2090.82
1338.80
1762.44
1440.58
1755.12
1880.16
1097.29
1328.99
1621.12
794.26
1446.28
2310.90
1151.99
480.34
772.57
1261.81
1070.66
1616.26
991.83
2459.65
1897.00
783.10
2286.04
1660.77
1426.41
1122.80
1308.51
2127.67
1785.77
2156.48
2292.92
2397.23
1300.54
1621.02
1241.48
2411.66
1807.73
1959.75
2016.68
566.22
1714.22
1867.01
1642.00
1943.48
1671.64
1417.13
958.32
1156.58
2133.54
717.45
270.66
896.06
541.87
913.41
899.14
947.21
598.61
746.43
1324.25
1291.05
559.16
1247.62
1373.10
868.63
2072.25
2348.10
1198.09
2227.46
377.88
2088.24
1174.18
883.95
1074.12
1813.15
2078.62
2397.16
1986.79
1986.81
700.96
1950.34
1617.02
1879.56
903.73
1544.50
1187.05
1624.53
621.11
1343.86
522.10
1730.67
1685.81
2505.77
666.54
2570.67
755.89
1189.82
1132.10
910.06
2614.34
2216.10
2123.17
2567.58
964.73
563.83
1021.17
1960.19
2072.10
970.36
1724.23
2789.20
2125.25
972.54
1957.16
2238.08
849.36
1751.55
1211.74
1411.65
1112.94
1292.66
1952.40
1391.11
1197.69
2459.96
2334.91
2480.40
1558.77
1281.11
1940.54
2564.77
1082.91
2039.49
1110.27
939.38
1690.66
1572.76
2089.61
1147.06
1021.02
1243.93
1000.66
2484.79
1345.01
2560.04
497.69
2206.52
1302.20
1256.08
1226.03
1829.97
1791.58
2042.25
1690.44
1968.77
1875.76
1518.42
608.05
1895.70
604.06
941.56
2260.45
976.81
2128.03
452.30
2363.94
2338.82
2404.68
2202.07
1288.17
1947.22
2274.93
2264.14
2139.42
2034.75
799.88
764.86
1540.39
823.22
1998.30
1465.89
2028.00
1939.10
2283.43
1978.92
1966.45
812.73
2690.37
2308.87
2629.72
543.55
950.20
960.01
1382.00
2294.00
2179.54
2290.29
1858.49
1928.99
1657.91
1790.92
1891.54
2311.53
1685.68
907.02
1236.11
931.04
2106.53
1696.89
1773.70
616.07
1200.40
967.59
1274.72
1351.84
1139.61
341.40
1424.40
1263.55
2232.57
1448.76
816.51
2024.10
2343.00
414.99
766.96
2171.00
1936.02
1155.06
1964.01
2372.13
2140.82
1918.56
2096.12
1960.22
1381.13
2174.43
2108.65
1113.66
710.14
981.78
1056.46
1674.81
501.52
1951.76
1709.46
1566.46
2153.25
1182.89
947.33
2466.67
2027.98
1550.06
1030.38
2454.48
1171.06
1207.90
1516.52
1628.81
810.15
1078.90
2289.70
1390.70
2125.42
2348.47
2293.62
2544.72
1820.23
2402.25
1722.42
1569.01
1648.09
1475.14
2226.70
1803.57
1788.49
1202.23
1879.88
2195.28
1501.18
1041.74
550.68
2347.47
2524.95
1255.91
1142.72
920.50
1784.53
1320.72
586.65
433.94
2157.10
1970.18
1468.58
2257.84
2669.28
2221.44
1720.78
1078.84
1372.57
857.59
1940.69
1127.28
2482.06
708.95
1384.96
1080.58
1813.81
2142.39
1766.72
2090.10
982.50
2111.34
2400.77
566.22
1287.44
1758.83
1309.78
1320.94
1649.58
505.37
2136.15
1429.32
131.60
558.37
1501.97
1884.22
902.26
989.82
2191.76
690.91
637.84
1381.74
2264.16
1981.51
1901.66
2812.87
1911.01
1419.94
1095.02
2485.40
2132.02
2039.15
2160.97
1751.97
660.21
1822.74
1235.75
1425.81
2115.25
547.02
1124.44
1547.70
1935.03
646.48
2054.76
2236.98
1356.15
874.47
1401.20
1363.24
1483.40
2075.32
1868.66
464.30
220.84
844.42
1691.94
2339.11
2164.19
1624.07
1295.92
2697.75
2690.96
2264.38
674.68
1704.74
1716.76
2298.77
2590.18
2228.19
1318.83
2304.74
1674.19
1216.32
1327.65
849.46
1519.78
2000.94
2159.02
1159.14
1334.67
400.00
2110.46
2030.42
1861.12
437.04
617.53
2241.19
2314.22
2619.57
911.43
2712.98
1283.77
853.71
1751.65
1217.30
930.58
809.86
1157.40
1821.34
1962.36
1354.79
713.66
910.77
1138.94
977.26
2724.50
862.37
1124.90
1504.22
1927.78
1336.95
1602.04
938.68
1758.51
2411.30
2298.88
508.62
2720.02
1368.22
1811.03
2607.47
880.21
749.67
611.80
1834.60
2375.10
872.98
1144.11
2724.08
442.55
1018.71
643.89
1449.14
1979.18
1750.05
904.62
1079.65
1283.70
1511.26
2347.67
740.74
2034.93
1239.87
2332.10
534.04
1640.88
2342.54
1874.95
2337.50
664.15
2044.25
734.79
2383.18
1406.66
1986.40
2458.94
629.24
1279.52
862.50
864.68
1354.91
1338.64
1680.95
2060.19
1375.43
1597.90
1349.25
1666.09
1486.91
1724.68
1075.38
2172.61
2268.00
2309.10
1955.62
898.99
1532.00
2270.33
1980.68
774.10
1960.79
2396.68
1551.14
1680.21
1317.94
2159.43
1598.82
1503.58
2313.17
2294.78
1038.26
1547.55
768.07
2411.46
1901.15
464.16
1854.56
2774.15
2707.05
1527.93
1330.07
601.42
1048.18
2473.86
1086.93
1826.94
1028.38
812.83
1558.70
2288.46
1487.48
2066.96
859.51
251.99
1021.01
2117.14
1695.74
1418.69
1636.54
2280.29
1512.53
1433.83
1772.90
1816.04
1288.20
2429.55
1433.52
2384.06
1062.55
1342.60
1482.02
956.57
892.87
424.53
1675.46
1241.55
2367.30
858.34
1050.70
2237.02
1611.46
924.98
1472.98
2554.29
763.93
2707.02
923.57
669.86
1834.90
786.75
2030.83
2538.93
824.75
2762.12
1694.90
1933.90
838.49
525.75
807.99
1492.10
1880.67
636.94
2185.96
2491.25
1149.96
2295.35
900.35
764.38
1733.08
620.04
193.38
1269.73
1802.66
1574.29
2518.45
2503.14
1939.14
1632.46
2448.22
1726.60
1070.39
2461.19
920.05
1891.71
1753.18
2729.99
1147.93
2412.72
1098.96
1380.02
1577.57
1260.22
1273.97
1144.03
2850.52
1012.75
1794.58
2418.47
590.26
1983.27
184.68
2589.95
1319.57
2479.55
1905.53
1054.57
2161.04
2442.52
1808.84
2371.08
660.13
1941.77
1539.93
1565.56
1335.47
2754.81
1014.52
1677.37
1549.17
826.94
245.60
2408.53
416.31
214.20
1161.37
955.73
2181.82
1541.73
2363.52
2364.70
1493.06
1612.32
2436.80
1203.48
973.77
2214.77
1228.71
1556.82
1242.60
1280.38
1712.61
2458.41
1420.51
731.85
1689.59
1203.38
2189.55
958.30
520.55
1098.37
877.66
2023.02
977.75
1906.96
1401.60
1720.66
695.27
1947.21
679.66
2079.74
1985.34
2243.30
1099.85
1478.47
710.70
1701.61
1052.37
918.36
2269.81
637.25
821.68
558.61
593.45
330.01
2160.15
2675.31
1594.06
1433.35
899.05
654.80
1425.31
2237.26
885.01
549.86
1764.92
2000.08
437.28
1369.70
745.21
713.20
1105.26
1637.70
895.44
638.52
1395.24
2675.66
2187.11
2055.37
2717.54
1925.47
1673.18
2752.65
1571.85
849.24
957.09
2117.47
1193.72
2334.94
812.62
1518.07
1650.93
1835.71
1055.73
2612.26
1712.78
1175.40
2322.31
1224.30
911.37
1955.68
1388.98
1149.24
2057.67
2364.38
1718.79
592.16
2094.00
637.37
636.72
285.91
1499.22
2594.70
1554.29
978.98
1351.61
1967.53
2040.22
1487.24
1136.29
1805.02
702.99
2568.30
1791.90
1083.29
1929.73
1717.89
2302.22
1633.34
1980.76
738.63
770.17
2388.99
2832.64
1897.72
1048.90
1776.34
1239.43
809.94
2706.53
1968.78
2176.31
1989.53
736.94
1674.16
1313.17
2207.40
1010.22
2186.96
1041.03
1079.14
1930.59
2027.96
1870.86
1655.92
1614.61
884.14
900.31
905.50
2284.95
2562.11
1666.52
1647.78
949.00
2179.06
781.55
1592.60
1125.42
1948.20
952.03
1813.44
650.38
1482.99
1121.83
968.43
259.43
2616.57
2053.37
649.62
1008.66
2164.14
2398.24
958.09
2548.71
1641.19
2448.45
1518.22
1781.37
2106.94
1114.71
495.64
1985.38
1934.28
1759.27
1603.87
2237.02
2139.77
1580.72
2415.41
2071.52
859.94
1060.95
1202.59
1976.55
1688.15
2671.43
2172.28
2093.04
2038.55
2510.41
1046.79
2758.25
884.07
2021.74
2064.31
2066.23
2026.21
612.69
1234.64
1529.91
2742.64
2158.05
718.75
1964.04
2331.89
2457.06
1425.16
893.52
845.06
1944.06
452.15
2905.83
2455.82
2693.26
2233.10
1507.99
2088.40
2070.87
2675.86
429.48
2270.87
931.25
1400.96
2659.22
1104.39
1051.50
2142.96
2341.51
1623.79
2228.13
1881.63
1383.44
1783.02
666.90
1004.42
1037.04
972.44
499.01
741.08
877.85
1525.52
657.02
1880.49
846.61
1927.10
1983.78
2061.57
2457.62
2312.74
1991.98
1660.67
1962.60
2664.15
1313.49
589.14
960.38
1369.15
2559.41
1659.53
2115.04
697.03
602.19
2309.99
1067.24
2484.94
774.24
2869.05
1034.38
1874.95
992.67
955.17
1205.14
1337.66
2605.06
1020.43
1917.16
2031.30
1228.66
1588.25
2028.87
2738.86
1921.80
2191.74
1239.03
2121.92
1034.22
666.25
1576.40
1160.39
1708.19
986.37
1283.50
1198.31
2622.23
1840.25
1447.23
1256.94
1447.81
1995.33
449.36
1783.53
1800.08
2747.58
2383.71
726.06
434.46
1653.01
2556.35
1129.02
2408.38
561.76
848.22
1752.51
743.85
2115.10
2219.16
1310.80
1942.91
1805.39
1621.04
760.40
855.55
2292.62
2236.27
2692.07
2234.51
2022.01
2171.99
870.52
2412.18
2595.71
1473.25
2227.29
472.58
2448.08
1219.50
2549.96
385.67
664.59
2328.69
2137.10
1241.22
748.12
2041.16
2677.91
2509.47
1101.61
1653.79
2382.59
1104.33
1581.93
2132.94
1422.31
923.29
1489.50
574.54
1912.23
1752.50
1301.78
1985.16
2075.90
2762.00
1539.61
1787.43
744.74
892.86
1661.13
576.66
1861.81
1415.07
2100.48
1006.61
1555.44
2422.20
2329.58
1721.20
1560.79
2218.90
627.79
984.07
433.26
2054.98
889.85
2297.97
1829.19
1946.29
1949.02
949.04
1019.90
345.85
877.98
2371.38
1657.03
2245.13
974.50
870.93
1622.48
1455.66
1774.65
1074.74
880.78
1479.48
1204.26
1664.01
834.36
1958.57
381.95
795.86
1517.74
1433.66
2016.31
1732.69
2385.11
1824.70
2140.61
2660.79
1065.67
1947.56
2230.78
2231.72
923.19
1626.36
2368.83
229.36
2353.42
2387.33
1208.55
2014.30
964.42
2039.72
1900.03
1466.17
2164.17
1750.85
587.98
2068.79
1473.02
2478.54
926.05
1168.56
2025.15
398.99
1963.26
1890.30
829.94
1325.67
1772.54
1565.01
802.57
2480.75
950.98
1236.11
2089.76
2304.76
1079.67
1334.93
2582.08
1587.77
1085.88
2642.24
1528.77
2065.36
981.89
1257.06
1067.18
502.49
1099.78
1531.89
564.46
2137.31
378.69
2274.51
2143.49
1724.94
2029.01
1766.54
2075.55
1888.12
533.82
719.66
1222.81
2311.06
953.70
2177.92
1858.58
2391.54
1332.96
1590.28
1026.15
2104.48
309.30
1977.70
1369.33
909.26
612.18
475.99
2543.10
1382.07
1650.43
2043.82
2606.20
1302.26
2478.26
2077.16
734.19
1737.73
1712.11
2378.37
1449.17
2304.98
1960.50
1764.31
1537.72
942.19
1047.41
2495.10
2166.64
2162.87
757.50
1895.56
1646.21
1343.54
1767.12
1594.72
2179.10
1580.12
1422.22
1593.74
2817.89
1575.05
2535.43
1697.70
1288.34
1924.10
1908.20
1655.66
1456.66
1920.05
2291.06
704.47
1095.37
1808.23
1460.35
2307.87
2134.61
1485.91
930.80
1250.90
955.20
2781.77
2174.27
1355.69
2661.29
2149.94
2162.69
2682.66
1986.07
2342.17
2269.14
2124.56
1388.13
536.68
1810.86
2058.34
2063.07
1416.95
1987.04
1914.38
2379.83
848.11
992.57
1330.61
2118.46
2089.52
1779.83
1725.24
2252.55
1482.72
810.14
2848.34
1903.82
2491.84
1850.47
1279.08
595.50
1819.47
2288.13
1660.65
1748.35
1013.36
2156.60
2035.54
2122.10
1871.70
1755.63
2455.18
432.19
733.14
1982.78
867.80
1273.21
1254.71
2676.64
1030.92
900.22
1321.52
1538.49
2253.92
1967.11
1104.38
1516.90
1714.59
1835.19
2132.71
952.03
2426.16
1757.03
1936.08
1489.42
1394.61
1855.67
1026.98
1162.18
450.92
943.62
1643.71
815.07
2211.74
1480.75
1611.95
2181.52
2284.54
2457.64
2276.37
2457.56
2112.40
1969.04
1410.79
2012.06
2568.34
2749.50
1375.91
2541.54
1822.38
2345.56
2567.91
1171.03
1155.54
1909.48
1596.53
1391.44
786.98
1657.18
2464.64
2319.36
2568.49
1606.74
2342.21
649.99
1636.41
414.61
1383.04
2217.28
782.94
1491.18
2412.79
2159.28
2444.36
1747.34
996.16
1031.34
1392.68
2927.61
2100.99
1836.77
2530.74
1085.53
985.71
1505.46
1098.22
1657.50
940.91
2053.78
2552.05
2392.66
1872.22
1910.86
633.05
2847.82
1192.21
2374.97
1227.40
2163.60
1186.50
771.37
1570.12
1657.52
1516.73
2505.50
997.06
1736.79
2477.08
1434.33
2499.86
1563.95
378.73
1492.97
1168.13
1536.28
1845.55
878.40
2538.49
1946.99
1291.88
1804.51
2760.09
2646.00
1298.75
1641.77
354.75
828.16
1044.34
2220.62
1679.05
1813.32
1914.06
2154.97
1326.07
2237.78
482.37
2213.48
2177.02
2213.61
1946.61
2375.57
1867.81
978.32
956.74
1349.39
881.76
1328.33
1552.88
2578.89
716.94
1605.50
2093.17
1007.84
2292.19
893.18
1118.46
1724.06
1973.91
2422.97
2076.87
2416.34
1088.97
1603.82
1019.90
1234.04
1623.41
1074.71
2536.94
2245.76
805.96
822.01
1232.66
683.44
1616.21
1350.85
1449.41
1328.69
2029.18
689.54
1390.47
1978.55
801.24
571.74
762.88
288.64
1709.14
2680.18
462.52
2329.13
1410.97
1650.10
2443.13
1563.05
1950.94
738.49
1862.26
1988.59
1579.59
1629.39
1888.48
1449.25
2008.37
1889.91
1168.24
990.69
2541.77
1654.54
2272.69
864.31
2656.25
784.31
1037.57
1003.73
2438.80
847.18
1317.97
758.41
683.86
2059.35
975.65
951.30
236.77
1394.86
1027.09
737.84
2285.58
758.47
1832.76
1319.05
2490.05
2385.95
2105.57
986.93
2187.97
1521.02
2450.44
737.45
1133.43
1005.31
1522.61
458.28
1228.50
1312.74
2328.13
2247.27
996.58
809.09
2181.69
2379.11
2873.70
1846.40
2057.12
2552.99
1620.47
737.42
2513.24
881.69
2741.90
1008.90
280.23
688.76
1494.28
1704.22
2620.58
809.87
1486.33
1114.99
812.91
1799.61
2176.01
1408.14
2028.02
2886.24
629.51
1717.91
724.05
2676.82
996.55
1031.76
1001.52
1825.53
1288.74
1635.05
2577.11
1708.97
1792.89
1975.11
1427.81
1433.61
2509.41
1760.29
1002.09
2100.78
1187.14
1652.87
1009.08
1693.21
1123.93
1754.87
1562.65
1803.71
2231.13
2092.88
2031.75
779.35
1422.03
1432.42
1450.38
508.51
802.13
1755.10
2040.57
1769.61
1725.70
2676.54
862.65
1730.10
2443.63
1921.42
539.26
956.53
2337.21
2441.92
897.29
1212.67
2464.90
2312.33
1869.20
1643.07
1172.90
613.79
2033.66
1394.01
926.25
1916.06
1380.00
2647.99
1144.85
2607.02
1814.70
1920.57
2279.05
783.21
1415.12
1379.56
1556.06
2246.05
1326.66
1725.16
1201.94
1492.84
817.03
827.01
1032.66
2145.49
2683.89
781.39
2282.51
1047.51
1777.41
1454.37
1469.35
1421.79
1105.82
2213.36
2609.91
1143.06
807.65
781.73
1406.35
2446.49
902.23
2486.45
1305.78
2089.94
1986.43
1981.34
733.40
2356.46
1672.72
1134.55
1458.66
1170.00
939.38
2528.51
1839.05
2701.54
1540.88
1565.94
1712.85
2180.59
2003.10
2054.11
2132.20
2234.47
1452.59
1011.23
1438.20
2535.46
2451.09
1790.50
614.34
1365.55
2728.96
1599.54
2090.00
2361.25
821.51
1626.57
2423.72
2323.58
986.12
2019.03
698.44
2316.36
1730.62
1848.19
1041.82
587.83
1078.85
1787.55
990.52
2253.05
1745.59
2304.90
2079.56
1266.39
2817.99
2519.66
2213.30
1724.85
312.73
1521.77
927.01
1900.54
1792.94
582.20
2075.11
1362.05
1329.48
2253.26
1057.95
2395.34
2203.26
1144.05
2065.15
2092.05
1361.72
2068.57
1208.74
997.79
2740.69
2181.03
1091.01
1434.06
1847.40
1284.05
754.79
1390.84
2090.83
994.44
1201.91
1794.20
1227.53
1904.29
777.90
762.71
2277.53
2497.75
1362.50
1245.80
2680.35
1920.64
2443.69
686.94
1845.64
821.38
1193.34
1413.20
911.43
718.47
1284.94
602.23
2153.17
1523.14
2033.09
1814.70
1810.81
1859.10
1224.70
1610.50
1271.62
1203.96
1822.24
1832.35
802.41
778.42
983.01
450.11
2437.10
1611.62
1201.61
1351.65
275.27
995.33
2108.82
1271.77
1221.64
1888.63
1160.86
1433.15
1703.24
2422.64
1559.76
1289.90
1801.57
1237.88
2822.97
1502.94
1208.87
1988.38
1806.66
568.64
1481.18
1768.36
824.25
2901.53
1599.10
2296.27
1306.07
1907.07
846.48
797.65
2328.29
1357.75
1670.05
582.10
1308.00
1782.51
865.79
2061.93
1647.53
1901.49
251.20
1200.58
2622.42
2088.76
777.11
1351.16
1904.10
2137.21
2692.90
2061.09
1416.85
1491.32
532.70
1505.97
1035.60
785.12
1247.17
202.94
1613.99
723.90
792.62
2460.32
1895.72
1707.72
1202.98
1858.33
2294.43
671.87
1933.78
1970.80
1694.71
550.59
732.99
2115.66
2452.94
2043.89
659.09
2532.14
1837.34
1428.01
772.42
710.24
1788.09
2664.50
1962.21
2171.16
2484.13
1944.37
669.82
1499.98
2047.89
2477.86
1625.73
2392.13
829.26
2013.23
2133.50
2631.51
1772.05
1409.13
2460.48
1596.79
767.48
1838.72
1221.90
2360.50
1641.08
1300.25
1077.87
1895.86
2267.58
578.16
979.96
2486.38
2258.35
692.97
1573.32
1479.80
2219.93
1757.58
2719.54
1575.98
896.92
1575.82
2165.73
2366.99
805.70
2192.16
1085.27
1423.51
1621.18
1787.12
2310.16
1802.90
969.98
2247.82
1835.51
1107.82
2027.91
2695.56
2185.59
1807.17
1472.10
1687.28
2159.71
1865.55
2271.88
2535.92
1061.41
1337.66
1667.96
1251.11
2064.35
2624.22
2758.17
1494.54
1568.76
1713.09
646.38
1413.90
628.04
1705.83
1508.42
2199.78
1895.17
776.87
1416.70
1259.68
2268.58
1341.08
2475.38
2454.75
1158.21
2017.49
774.97
2043.31
1078.04
1653.43
954.54
1038.59
2200.39
1519.92
1274.02
523.12
1985.86
1430.94
1584.70
2249.75
2466.34
1216.86
2223.70
1743.36
1526.81
1632.16
1594.25
1067.25
1333.42
1865.55
918.05
933.24
1448.81
556.96
2134.65
2162.31
1876.48
1246.67
2360.05
1801.56
2750.75
2635.52
994.03
2226.39
1056.66
793.11
1314.70
749.23
2612.26
2709.35
2018.18
2010.19
2206.94
343.17
2620.53
1044.03
1254.25
2063.14
838.24
900.78
2445.31
900.41
1008.32
1605.82
774.10
1949.25
603.01
531.15
1344.70
1368.01
1203.31
2513.49
1593.68
949.79
2280.52
1672.71
1888.39
1945.25
2031.84
1236.62
814.33
1937.43
2296.67
590.75
719.30
686.39
2109.03
2794.77
863.50
2002.42
1209.47
989.42
2243.41
1213.97
2275.92
945.84
1692.97
1627.95
771.65
1742.72
1500.25
779.34
2658.17
1123.50
1002.30
2094.10
2059.44
1926.84
1280.55
1102.84
1040.98
1194.42
2340.10
2104.06
2127.30
1744.72
1215.92
1893.68
881.24
2609.93
1274.92
1215.60
2223.99
2860.86
2397.02
791.79
1790.81
1484.66
614.42
389.50
1474.55
1230.79
1450.53
895.82
685.49
2384.15
2246.11
1677.13
2590.67
1602.91
1457.83
948.15
1748.99
907.47
839.82
1544.32
1050.20
993.09
616.20
1151.03
2616.20
2214.66
1945.94
2508.78
1782.00
2217.44
1555.66
1133.15
1615.98
1832.81
1174.77
2180.15
1621.86
2065.39
1539.91
1651.69
1479.43
1913.98
795.71
777.51
2176.96
1668.91
945.88
1075.26
1106.53
1133.46
1514.86
1881.06
1366.72
2663.78
1257.93
2308.37
250.16
368.20
1709.74
1843.11
688.90
2086.13
954.85
1203.93
654.26
1981.01
1985.91
2443.77
708.38
1267.78
1810.46
622.27
2545.69
1965.17
448.47
1089.08
2157.91
2315.77
1580.96
1960.85
1400.00
441.46
2352.65
2228.55
2085.31
1598.05
1185.47
2227.78
1099.17
2050.54
925.48
1316.76
895.53
964.70
2102.87
1477.73
1231.35
2191.48
490.48
824.99
1658.38
1282.16
1790.49
2050.03
1961.31
626.97
1321.49
883.50
874.71
2072.31
910.72
1518.73
1300.03
2029.61
1255.56
2156.34
921.28
762.81
2201.46
2112.82
1607.72
990.75
687.89
2346.38
1163.66
1173.30
1977.21
1540.19
1177.44
258.37
2654.24
1149.46
1488.09
1193.14
1916.46
954.22
2248.53
1879.60
2745.37
1984.75
1837.47
704.76
2166.20
2194.66
1641.41
1755.02
2768.36
2253.30
1114.50
2173.78
2360.18
1092.05
2117.68
1412.26
900.12
864.03
1526.70
2174.40
1193.70
792.04
1951.45
688.02
2314.21
1260.86
907.82
2176.16
2191.63
1773.71
1002.58
2754.45
1290.43
936.00
1932.63
1500.38
2372.30
1909.71
1083.74
1209.48
990.28
2413.25
1161.16
1576.12
1173.37
2345.51
1641.60
1012.20
2560.90
1992.70
2525.39
1809.12
880.07
1463.82
2528.62
1346.22
732.86
2005.71
1352.53
940.77
2273.19
1271.63
2303.02
683.58
1785.35
1031.55
2488.30
2350.62
2692.30
1638.68
1365.42
1701.09
899.83
2034.06
706.71
1847.56
914.31
941.43
1215.77
1777.96
1964.22
1957.15
865.02
813.28
1607.58
2118.84
2467.39
761.51
1143.92
1002.58
2134.48
1758.64
2006.88
1401.53
1625.49
394.50
2206.47
1941.74
1329.05
1879.88
682.31
1763.20
1529.53
1196.61
539.09
2405.51
927.36
1811.45
2373.18
1778.95
2111.47
1155.85
1346.54
2712.54
282.36
1409.28
438.81
1524.09
684.86
891.62
2477.54
1564.83
792.78
1454.29
1532.08
1948.78
2389.92
417.62
2478.69
823.05
2837.21
1422.27
1991.31
1489.47
2306.46
2192.87
1780.81
1421.76
2275.81
613.89
1902.85
2193.20
939.57
911.48
1480.73
1689.42
2085.92
185.39
2202.68
2418.94
1157.23
948.31
552.94
2307.66
1252.51
1113.29
1029.70
791.92
1563.76
1422.73
614.26
1319.18
1996.34
1303.84
1861.56
1242.50
2426.93
1709.68
890.12
1102.14
980.02
2294.26
752.69
690.59
1052.78
918.15
1791.98
1448.89
984.37
1542.70
1032.62
2314.07
1266.56
934.64
1339.49
566.30
1001.55
1082.42
1363.38
2815.38
960.67
1428.55
1426.47
1746.68
715.43
1310.51
1597.62
958.89
2346.97
2843.90
1058.32
1682.42
1220.29
2178.06
1920.66
1576.14
2070.70
509.02
1782.65
1311.83
1555.40
1232.89
870.39
2410.66
1386.51
2310.33
1077.80
1929.97
2295.36
1114.13
1689.46
963.10
1181.46
1618.22
1187.79
1389.66
824.34
2213.62
995.70
2183.45
1310.70
1669.91
2360.52
2394.09
1293.86
2029.85
951.26
1789.56
1051.38
1767.02
1221.40
1748.94
2245.07
1818.98
1454.32
856.53
1100.74
1684.00
2123.56
1622.06
1269.01
2470.20
1779.71
1484.30
2147.75
1737.90
2144.29
1757.81
2169.85
983.21
2175.94
2129.29
1294.93
631.21
1045.36
2632.46
1164.80
1485.82
1789.91
2743.89
1652.66
849.16
1787.46
2872.88
250.40
1653.47
1440.51
2373.45
1864.96
934.55
1354.19
703.25
544.10
1380.27
1590.27
2574.67
1509.61
2763.62
1423.33
1679.64
1995.90
2094.49
871.23
1922.91
677.23
827.00
1068.19
1829.93
824.57
2340.07
1078.00
1765.91
1673.48
1759.49
2270.14
1217.42
1850.89
1204.54
1702.06
2217.06
2215.26
938.67
1227.28
2065.59
1789.78
1332.26
862.49
838.69
1237.35
1972.88
871.00
681.78
1331.25
2323.65
1688.50
1478.91
919.90
2211.55
1422.56
2178.02
2423.03
2066.13
1188.75
542.14
1385.96
808.33
610.77
1507.28
2547.99
2013.13
2511.99
1023.87
1343.89
1097.54
955.59
1064.09
1218.65
2133.56
1374.95
849.69
1626.96
2770.07
1390.54
1190.02
2330.42
1807.84
2690.25
1067.68
1015.41
1337.57
1347.82
1242.95
1133.16
1768.81
1366.88
438.64
2652.92
1862.37
679.21
1064.46
1041.35
727.35
1824.61
1508.59
1175.66
1246.84
2632.57
2419.78
1761.63
1986.48
1342.96
1443.57
1645.92
2679.10
2197.16
1458.75
2102.80
1798.10
2450.22
986.94
1402.70
1086.24
1086.61
2569.24
1349.86
1096.45
1528.66
708.13
1514.18
1110.54
1088.41
1048.57
2201.02
1514.47
2039.28
2468.66
2163.70
1611.49
795.52
1933.11
1010.71
1813.03
2015.70
975.60
1258.81
2279.91
951.77
2145.81
991.74
2360.05
2596.12
1064.29
1111.14
619.53
1550.71
439.65
1166.04
863.90
1714.15
2273.46
1615.40
1749.31
1947.00
2061.99
825.79
919.62
2575.95
1354.26
1390.72
1362.76
2071.53
1125.45
2187.88
1356.74
969.27
1562.37
2470.01
1769.27
2357.46
1556.34
889.92
1542.93
1448.81
1541.54
2105.99
796.49
524.06
2171.75
1457.60
634.66
1388.68
2115.90
1122.65
2076.08
2171.64
863.06
857.30
1329.79
1518.65
549.05
499.79
438.95
2075.58
2290.18
1154.70
2027.71
1346.69
1790.36
2062.69
1253.23
1578.75
2386.04
1780.57
1102.37
1857.62
719.70
755.90
1956.19
2306.29
1389.93
2571.62
886.10
1588.42
2048.19
1591.70
2692.31
1478.47
2018.91
2064.76
2109.03
2522.58
1072.26
871.35
491.44
2561.02
919.28
1403.21
2717.04
2418.93
897.67
2125.89
1262.87
1354.19
684.40
1803.57
1964.70
739.18
2088.06
975.39
2335.67
1706.61
1136.01
807.21
1601.19
1460.20
1918.74
2436.52
1092.20
1478.30
1178.63
1198.86
1534.30
2142.61
1053.53
2788.12
1635.48
2579.49
456.75
658.92
2723.88
847.88
686.58
1908.52
1119.70
2420.77
1751.24
1312.07
1553.81
1582.32
2027.94
2542.66
2040.09
1283.25
1297.25
2052.90
1893.71
1050.02
972.50
2055.13
1208.96
1147.07
1644.01
2310.18
1160.29
1517.14
2569.48
723.89
785.31
1981.34
1439.42
1205.07
1931.85
2050.78
1468.79
671.26
2397.06
1454.50
850.28
2005.36
1825.52
2086.08
1431.34
1675.43
976.38
1613.68
2453.50
2644.83
1822.91
1075.79
566.79
1616.76
1395.70
597.49
835.22
2015.82
1060.69
2656.20
1269.68
2074.12
2625.38
1690.64
1006.55
2098.81
1952.86
1065.86
751.86
647.89
1477.70
1759.26
1506.38
803.25
1182.19
1511.55
1809.69
2183.63
2304.35
2515.72
2082.97
1701.66
2377.82
776.87
1073.48
559.47
2334.30
2044.94
1451.45
2031.37
1472.42
1796.61
2251.04
2262.13
1213.66
1721.57
1611.19
1788.58
1632.04
2220.84
1313.02
857.17
1549.50
1462.23
931.26
1209.70
2113.46
2105.73
1123.32
1024.54
1356.14
491.97
2348.95
2285.65
1749.94
1371.91
1582.32
1102.92
1199.38
1108.93
460.31
2150.91
843.47
2505.78
903.33
1915.22
943.99
1434.47
2614.18
2061.47
1834.84
2072.40
1268.23
1544.26
606.91
1795.41
2302.55
806.33
1233.42
1516.20
2063.02
247.06
2263.80
2210.69
1169.97
2755.26
2388.95
522.88
2067.17
331.38
1584.13
2173.31
2338.51
1586.55
2515.38
1807.03
451.88
314.18
1744.65
1120.40
1111.58
1262.65
872.09
1974.55
758.79
2306.13
1923.01
894.92
699.96
1252.11
1793.47
1497.02
818.07
2241.48
2030.97
1226.17
667.73
809.98
2023.13
1013.46
891.46
1381.65
802.64
2089.54
713.54
968.86
2371.29
2208.44
1743.01
1782.64
1171.14
765.02
2669.29
573.65
1834.71
1099.31
1642.02
1977.84
1131.03
2142.91
1820.63
1666.31
1322.38
1979.09
2756.60
1883.30
694.23
2207.66
1564.81
1381.41
2279.54
1972.93
2273.29
832.59
1139.20
1315.17
1680.28
1338.72
1753.57
2310.21
577.94
1561.83
1782.49
2504.23
1004.70
752.67
792.69
1429.92
2265.01
769.55
2342.25
1610.95
1794.17
483.12
2233.96
892.21
2299.61
505.29
1790.27
1015.93
1182.72
1584.62
1772.86
813.49
1930.56
728.71
512.20
1236.99
1133.76
762.88
1760.75
2569.31
1083.58
1932.69
1069.11
1180.86
1569.35
2162.14
1248.08
1152.27
910.82
539.53
463.87
2256.25
2000.16
1809.80
1004.70
1170.38
1086.96
799.31
1759.94
593.76
1062.53
1210.49
1595.64
2081.21
844.60
2389.12
1783.46
2003.18
1437.37
2868.53
1304.83
2001.94
2872.86
814.94
1703.21
1487.65
1710.56
1695.87
1133.14
1759.58
1257.61
2424.95
2008.03
2188.14
2264.30
2094.54
1339.89
2370.81
2164.99
1381.49
1857.59
686.51
2111.87
2719.54
1776.96
1913.47
1344.41
897.07
1570.95
1839.18
1612.28
2299.00
502.74
1328.40
661.72
1176.40
1661.73
1441.99
2055.97
983.87
663.47
2309.30
2177.89
1170.39
1869.80
1181.91
2632.98
2384.82
538.94
1853.20
1708.78
1272.91
1203.14
1773.69
1932.62
1145.18
548.49
669.94
2737.64
962.05
2420.42
2363.15
2215.80
2312.60
2154.72
883.57
1396.72
2104.50
1295.24
1047.56
764.40
1738.10
2191.65
1625.40
328.30
866.07
1483.67
1695.28
1148.37
2013.10
842.37
527.92
1304.72
1607.65
2279.03
1907.75
1194.47
1849.65
1619.02
1820.67
1781.07
1063.34
658.48
1432.13
1350.77
2756.51
355.49
2366.36
1722.95
2361.00
1872.81
2566.10
1044.36
445.59
2223.57
1776.47
2230.17
2175.10
1400.16
2079.66
1160.03
833.16
2274.10
1093.51
1209.22
2294.97
921.94
667.12
2169.90
2806.90
1313.72
617.97
1418.53
813.34
1706.82
2100.10
939.34
2069.46
1478.58
2342.26
2100.52
2265.29
1002.34
1426.98
2105.09
1080.96
1779.61
1282.98
1073.19
1681.09
1468.48
1018.46
2102.84
584.87
1399.03
1099.99
1134.30
1761.85
663.30
1327.84
2323.69
690.92
1849.54
1125.90
1274.37
879.08
1996.28
2842.87
1350.74
2303.87
1141.60
1098.90
707.34
1985.78
1029.07
2262.60
1686.79
2075.81
1022.84
1478.55
1368.20
1786.93
1075.71
1026.41
1433.51
510.44
1804.35
1987.46
1890.89
1649.17
1518.37
1058.78
2347.14
384.05
1670.18
705.02
1895.13
714.94
1811.59
1261.41
1850.76
1057.38
1714.24
930.71
89.83
910.05
1180.05
2057.46
2229.03
2405.24
2258.68
1955.91
1302.77
1361.18
938.08
1321.34
2128.18
643.70
792.49
2477.18
1267.45
689.58
1851.00
2100.67
1213.26
2403.13
2083.76
1331.44
2282.94
2383.68
2106.08
2601.73
1825.27
2002.11
798.86
1019.37
610.73
2631.59
2130.05
1684.83
1661.55
1149.17
1374.93
1603.80
645.05
1704.03
1536.92
1493.59
2515.13
1566.52
1217.85
1623.81
917.19
987.55
818.78
1666.19
1489.34
1100.45
1161.55
2316.07
1758.37
2122.18
1322.67
850.12
1689.13
776.39
1342.61
1525.33
1196.86
1449.07
1097.90
1392.43
1080.35
892.65
2475.51
2466.19
776.44
2222.79
2036.46
1691.21
631.50
1711.09
1388.30
516.81
926.34
2063.59
227.13
1873.61
1346.06
1978.33
1908.24
2141.54
1020.41
1836.74
1863.66
520.85
2276.58
784.46
1749.86
1713.26
955.77
2292.79
1540.95
1917.14
2186.99
1583.78
2387.79
1195.28
2182.22
1364.59
1391.12
1894.83
2202.74
347.69
960.25
842.94
714.46
2653.85
544.38
1162.50
2508.47
1439.59
1138.69
407.52
1757.70
939.46
979.39
1085.39
644.91
1993.01
1620.74
2830.62
1211.86
2565.50
696.31
1372.45
1711.06
2166.85
1511.50
1887.85
1260.32
1533.64
1898.46
1169.09
2679.94
1817.99
2303.98
1086.04
1691.51
715.24
1408.21
707.52
1787.25
2165.35
1315.35
1328.64
1573.22
2262.34
2095.54
379.44
1964.73
2142.67
1121.59
997.29
1373.86
1577.63
1760.03
783.78
2684.56
1822.74
1544.57
1566.14
2347.05
1578.45
1558.24
1374.35
1685.93
1243.45
534.72
2079.02
2125.14
1209.62
1252.71
2732.08
710.92
369.40
676.81
2315.68
1173.68
